%YAML:1.0
---
camreaMatrix: !!opencv-matrix
   rows: 3
   cols: 3
   dt: d
   data: [ 1.9482349251370761e+03, 0., 2.0283182129978579e+03, 0.,
       1.9493336541321351e+03, 1.5518479391886415e+03, 0., 0., 1. ]
distCoeffs: !!opencv-matrix
   rows: 5
   cols: 1
   dt: d
   data: [ 8.8143826233892747e-02, -1.7880419461464601e-02,
       -1.5193258371237983e-04, -3.7505988392584557e-03,
       -5.2066184993236356e-02 ]
rvec: !!opencv-matrix
   rows: 3
   cols: 1
   dt: d
   data: [ 3.1380860110570641e+00, -2.5171318586476057e-02,
       4.7715651308757510e-02 ]
tvec: !!opencv-matrix
   rows: 3
   cols: 1
   dt: d
   data: [ 1.4603435909900727e-02, 8.0003391461885967e-02,
       3.3593559346988684e+00 ]
transformMat: !!opencv-matrix
   rows: 4
   cols: 4
   dt: d
   data: [ 9.9890962896272784e-01, -1.6126769243916195e-02,
       3.0390447915432321e-02, 1.4603435909900727e-02,
       -1.5937417238994354e-02, -9.9950297065109972e-01,
       -3.1998011157257536e-03, 8.0003391461885967e-02,
       3.0393323920373132e-02, 2.8824460570166330e-03,
       -9.9935275341191265e-01, 3.3593559346988684e+00, 0., 0., 0., 1. ]
