%YAML:1.0
---
fx: 613.292
cx: 637.187
fy: 613.268
cy: 363.199
distCoeffs: !!opencv-matrix
   rows: 8
   cols: 1
   dt: d
   data: [ 0.247208, -2.5399, 0.000316025, -0.000212504, 1.59011, 0.126993, -2.34639, 1.50338 ]
transformMat: !!opencv-matrix
   rows: 4
   cols: 4
   dt: d
   data: [ 0.99596741507,-0.009590779163,0.089201335935,-0.085743768548,
        -0.011493847353,-0.99971649821,0.020845116979,0.1676628589,
        0.088976150144,-0.021786420654,-0.99579533421,3.3745423634,
        0., 0., 0., 1. ]
