%YAML:1.0
---

fx: 612.902
cx: 638.628
fy: 612.694
cy: 368.928
distCoeffs: !!opencv-matrix
   rows: 8
   cols: 1
   dt: d
   data: [ 0.57294, -2.63446, 0.000693759, -0.000453447, 1.45279, 0.451412, -2.46326, 1.3855 ]
transformMat: !!opencv-matrix
   rows: 4
   cols: 4
   dt: d
   data: [ 0.99841942247,-0.0014739510778,0.056182490429,-0.34574376855,
        -0.056157596037,0.013496953848,0.9983301092,-1.7760871411,
        -0.0022297751429,-0.99990736157,0.013392847178,1.8920423634,
        0., 0., 0., 1. ]
