%YAML:1.0
---
camreaMatrix: !!opencv-matrix
   rows: 3
   cols: 3
   dt: d
   data: [ 1.9482349251370761e+03, 0., 2.0283182129978579e+03, 0.,
       1.9493336541321351e+03, 1.5518479391886415e+03, 0., 0., 1. ]
distCoeffs: !!opencv-matrix
   rows: 5
   cols: 1
   dt: d
   data: [ 8.8143826233892747e-02, -1.7880419461464601e-02,
       -1.5193258371237983e-04, -3.7505988392584557e-03,
       -5.2066184993236356e-02 ]
rvec: !!opencv-matrix
   rows: 3
   cols: 1
   dt: d
   data: [ -1.5882267792422218e+00, 3.9275785467081860e-02,
       -3.9411814492351111e-03 ]
tvec: !!opencv-matrix
   rows: 3
   cols: 1
   dt: d
   data: [ -3.7611916056878254e-02, -1.7340904791491039e+00,
       1.7755923718696529e+00 ]
transformMat: !!opencv-matrix
   rows: 4
   cols: 4
   dt: d
   data: [ 9.9912528232427311e-01, -2.2633166771011386e-02,
       2.7156619862812162e-02, -3.7611916056878254e-02,
       -2.7710683503327668e-02, -1.7331013040307996e-02,
       9.9921872136296030e-01, -1.7340904791491039e+00,
       -2.2225532295472798e-02, -9.9935554757436762e-01,
       -1.7871156800548068e-02, 1.7755923718696529e+00, 0., 0., 0., 1. ]
