%YAML:1.0
---

fx: 612.902
cx: 638.628
fy: 612.694
cy: 368.928
distCoeffs: !!opencv-matrix
   rows: 8
   cols: 1
   dt: d
   data: [ 0.57294, -2.63446, 0.000693759, -0.000453447, 1.45279, 0.451412, -2.46326, 1.3855 ]
transformMat: !!opencv-matrix
   rows: 4
   cols: 4
   dt: d
   data: [ 0.99841942247,0.00038959990957,0.056200471813,-0.34574376855,
        -0.056157596037,0.046589349146,0.99733375828,-1.7748371411,
        -0.0022297751429,-0.99891359519,0.046537593799,1.8507923634, 0., 0., 0., 1. ]
