%YAML:1.0
---
fx: 606.487
cx: 639.651
fy: 606.267
cy: 367.937
distCoeffs: !!opencv-matrix
   rows: 8
   cols: 1
   dt: d
   data: [ 0.327103, -2.45016, 0.00140436, -0.000518461, 1.45761, 0.210977, -2.27574, 1.38384 ]
transformMat: !!opencv-matrix
   rows: 4
   cols: 4
   dt: d
   data: [0.99877705456,-0.038087432157,0.031523195737,-0.32074376855,
        0.032846187489,0.034624236705,-0.99886047806,1.8826628589,
        0.036952563744,0.99867438643,0.035832919584,1.5757923634,
        0., 0., 0., 1. ]
