%YAML:1.0
---
fx: 612.513
cx: 638.342
fy: 612.383
cy: 366.08
distCoeffs: !!opencv-matrix
   rows: 8
   cols: 1
   dt: d
   data: [ 0.637702, -2.66585, 0.000484103, -0.000335055, 1.4429, 0.516881, -2.49934, 1.37876 ]
transformMat: !!opencv-matrix
   rows: 4
   cols: 4
   dt: d
   data: [ 1., 0., 0., 0., 0., 1., 0., 0., 0., 0., 1., 0., 0., 0., 0.,
       1. ]
