%YAML:1.0
---
camreaMatrix: !!opencv-matrix
   rows: 3
   cols: 3
   dt: d
   data: [ 1.9482349251370761e+03, 0., 2.0283182129978579e+03, 0.,
       1.9493336541321351e+03, 1.5518479391886415e+03, 0., 0., 1. ]
distCoeffs: !!opencv-matrix
   rows: 5
   cols: 1
   dt: d
   data: [ 8.8143826233892747e-02, -1.7880419461464601e-02,
       -1.5193258371237983e-04, -3.7505988392584557e-03,
       -5.2066184993236356e-02 ]
rvec: !!opencv-matrix
   rows: 3
   cols: 1
   dt: d
   data: [ 1.5856454583489559e+00, -3.1956277319639265e-02,
       2.5141299484657061e-03 ]
tvec: !!opencv-matrix
   rows: 3
   cols: 1
   dt: d
   data: [ 2.6542246964855014e-02, 1.7967724884154559e+00,
       1.6578126652045757e+00 ]
transformMat: !!opencv-matrix
   rows: 4
   cols: 4
   dt: d
   data: [ 9.9927567972657017e-01, -2.2088398472594063e-02,
       -1.8576010078442576e-02, 2.6542246964855014e-02,
       -1.8820559433035802e-02, -1.4884419551581044e-02,
       -9.9952507665268087e-01, 1.7967724884154559e+00,
       2.1696285506429318e-02, 9.9948928202426401e-01,
       -1.5040589234425148e-02, 1.6578126652045757e+00, 0., 0., 0., 1. ]
