%YAML:1.0
---
fx: 606.487
cx: 639.651
fy: 606.267
cy: 367.937
distCoeffs: !!opencv-matrix
   rows: 8
   cols: 1
   dt: d
   data: [ 0.327103, -2.45016, 0.00140436, -0.000518461, 1.45761, 0.210977, -2.27574, 1.38384 ]
transformMat: !!opencv-matrix
   rows: 4
   cols: 4
   dt: d
   data: [0.99877705456,-0.037755239471,0.031920310505,-0.32074376855,
        0.032846187489,0.024162486359,-0.99916828182,1.8826628589,
        0.036952563744,0.99899485746,0.02537305167,1.5832923634,
        0., 0., 0., 1. ]
