%YAML:1.0
---
camera_matrix: !!opencv-matrix
   rows: 3
   cols: 3
   dt: d
   data: [ 6.2315934715498418e+02, 0., 6.3520369443883419e+02, 0.,
       6.2324970613489950e+02, 3.6382198007909483e+02, 0., 0., 1. ]
dist_coeff: !!opencv-matrix
   rows: 1
   cols: 5
   dt: d
   data: [ 9.7229263351965273e-02, -7.6834886582235709e-02,
       1.9508723048470780e-04, -9.4131488794134378e-04,
       2.9646836529399655e-02 ]
