%YAML:1.0
---
camera_matrix: !!opencv-matrix
   rows: 3
   cols: 3
   dt: d
   data: [ 6.2405000536364116e+02, 0., 6.3671270266455349e+02, 0.,
       6.2410305616626522e+02, 3.6857735453560787e+02, 0., 0., 1. ]
dist_coeff: !!opencv-matrix
   rows: 1
   cols: 5
   dt: d
   data: [ 1.0215714525581411e-01, -9.7220430974020736e-02,
       1.8170056356242966e-04, -7.5531562197025687e-04,
       5.0563223167652202e-02 ]
