%YAML:1.0
---
camera_matrix: !!opencv-matrix
   rows: 3
   cols: 3
   dt: d
   data: [ 6.1660870472920874e+02, 0., 6.3913875689503197e+02, 0.,
       6.1654884739064948e+02, 3.6646525733855822e+02, 0., 0., 1. ]
dist_coeff: !!opencv-matrix
   rows: 1
   cols: 5
   dt: d
   data: [ 1.0250247683057216e-01, -1.0066981875197754e-01,
       5.6029563670811976e-04, -3.7253780151465200e-04,
       5.6730746052155431e-02 ]
