%YAML:1.0
---
camera_matrix: !!opencv-matrix
   rows: 3
   cols: 3
   dt: d
   data: [ 6.2352789333151281e+02, 0., 6.3745467097488859e+02, 0.,
       6.2357961226318287e+02, 3.6474047119510431e+02, 0., 0., 1. ]
dist_coeff: !!opencv-matrix
   rows: 1
   cols: 5
   dt: d
   data: [ 9.8451763617300098e-02, -7.4028796336095604e-02,
       -5.1430224923343761e-04, -3.8625308493277823e-04,
       2.1024566729153222e-02 ]
