%YAML:1.0
---
camera_matrix: !!opencv-matrix
   rows: 3
   cols: 3
   dt: d
   data: [ 1.9648899075442782e+03, 0., 2.0394762552365680e+03, 0.,
       1.9651623622373654e+03, 1.5451373723210677e+03, 0., 0., 1. ]
dist_coeff: !!opencv-matrix
   rows: 1
   cols: 5
   dt: d
   data: [ 1.0400846909888065e-01, -9.5101521822666207e-02,
       -1.2155454416483663e-04, -4.5826312657968335e-04,
       4.5027422746864186e-02 ]
