%YAML:1.0
---
camera_matrix: !!opencv-matrix
   rows: 3
   cols: 3
   dt: d
   data: [ 1.9637503035969764e+03, 0., 2.0422178598263365e+03, 0.,
       1.9644429705019975e+03, 1.5613788271004917e+03, 0., 0., 1. ]
dist_coeff: !!opencv-matrix
   rows: 1
   cols: 5
   dt: d
   data: [ 9.8437261508118781e-02, -8.2070006362131465e-02,
       -2.2179621845891417e-04, -8.4838228758846222e-04,
       3.5475704787189387e-02 ]
