%YAML:1.0
---
camera_matrix: !!opencv-matrix
   rows: 3
   cols: 3
   dt: d
   data: [ 1.9428363925585636e+03, 0., 2.0457722732516854e+03, 0.,
       1.9428005068974342e+03, 1.5545131798038615e+03, 0., 0., 1. ]
dist_coeff: !!opencv-matrix
   rows: 1
   cols: 5
   dt: d
   data: [ 9.8015607286253290e-02, -8.4059424967061896e-02,
       2.6785836085329288e-04, -8.4052869015177221e-04,
       3.8794937637699443e-02 ]
