%YAML:1.0
---
camera_matrix: !!opencv-matrix
   rows: 3
   cols: 3
   dt: d
   data: [ 1.9662780002919824e+03, 0., 2.0416383976362235e+03, 0.,
       1.9669713394887615e+03, 1.5475262044080164e+03, 0., 0., 1. ]
dist_coeff: !!opencv-matrix
   rows: 1
   cols: 5
   dt: d
   data: [ 9.9767189993417230e-02, -8.4985883123312317e-02,
       -1.0112142476363655e-03, -4.3137126858703326e-04,
       3.7967520706111590e-02 ]
